90 90 90 90 90 90 90 90
90 90 90 90 90 90 90 90
90 90 90 90 90 90 90 90
90 90 90 90 90 90 90 90
90 90 90 90 90 90 90 90
90 90 90 90 90 90 90 90
90 90 90 90 90 90 90 90
90 90 90 90 90 90 90 90
90 90 90 90 90 90 90 90
90 90 90 90 90 90 90 90
90 90 90 90 90 90 90 90
90 90 90 90 90 90 90 90
90 90 90 90 90 90 90 90
90 90 90 90 90 90 90 90
90 90 90 90 90 90 90 90
90 90 90 90 90 90 90 90
90 90 90 90 90 90 90 90
90 90 90 90 90 90 90 90
90 90 90 90 90 90 90 90
90 90 90 90 90 90 90 90
90 90 90 90 90 90 90 90
90 90 90 90 90 90 90 90
90 90 90 90 90 90 90 90
90 90 90 90 90 90 90 90
90 90 90 90 90 90 90 90
90 90 90 90 90 90 90 90
90 90 90 90 90 90 90 90
90 90 90 90 90 90 90 90
90 90 90 90 90 90 90 90
90 90 90 90 90 90 90 90
90 90 90 90 90 90 90 90
90 90 90 90 90 90 90 90
90 90 90 90 90 90 90 90
90 90 90 90 90 90 90 90
90 90 90 90 90 90 90 90
90 90 90 90 90 90 90 90
90 90 90 90 90 90 90 90
90 90 90 90 90 90 90 90
90 90 90 90 90 90 90 90
90 90 90 90 90 90 90 90
90 90 90 90 90 90 90 90
90 90 90 90 90 90 90 90
90 90 90 90 90 90 90 90
90 90 90 90 90 90 90 90
90 90 90 90 90 90 90 90
90 90 90 90 90 90 90 90
90 90 90 90 90 90 90 90
90 90 90 90 90 90 90 90
90 90 90 90 90 90 90 90
90 90 90 90 90 90 90 90
90 90 90 90 90 90 90 90
90 90 90 90 90 90 90 90
90 90 90 90 90 90 90 90
90 90 90 90 90 90 90 90
90 90 90 90 90 90 90 90
90 90 90 90 90 90 90 90
90 90 90 90 90 90 90 90
90 90 90 90 90 90 90 90
90 90 90 90 90 90 90 90
90 90 90 90 90 90 90 90
90 90 90 90 90 90 90 90
90 90 90 90 90 90 90 90
90 90 90 90 90 90 90 90
90 90 90 90 90 8d 6c 24 
28 b8 4c 92 de 3d 68 3a 
8e 04 08 c3 64 2d 68 55
